# Columns: gyro temp comp target
# Length: 64
-0.0306058 24.9010887 0.0400246 0.0400246
1.3219770 25.0613899 1.2873052 1.2873052
0.5866648 25.3250923 0.5595309 0.5595309
-0.0032259 25.3137512 0.0320212 0.0320212
-0.1891313 25.4843178 -0.2212208 -0.2212208
-1.1669394 25.5477962 -1.1377292 -1.1377292
-0.7272426 25.5240402 -0.7401208 -0.7401208
1.0450394 25.7392578 1.0189868 1.0189868
1.0397023 25.7505131 1.0146725 1.0146725
0.1481255 25.8467426 0.1178927 0.1178927
0.0343571 25.9851685 -0.0091901 -0.0091901
-0.7675970 25.9189529 -0.7935163 -0.7935163
-1.1748235 26.2864437 -1.2144353 -1.2144353
0.4266196 26.1953487 0.3933815 0.3933815
1.3303795 26.4572296 1.2801273 1.2801273
0.4056104 26.4650555 0.3566844 0.3566844
0.0503981 26.6982880 0.0082146 0.0082146
-0.2971046 26.5721531 -0.3496475 -0.3496475
-1.1817290 26.6994057 -1.2741028 -1.2741028
-0.3193873 26.8561287 -0.3551520 -0.3551520
1.2566522 26.6926708 1.2153128 1.2153128
0.8690432 27.0865364 0.7863273 0.7863273
0.1046875 27.2474613 0.0311343 0.0311343
-0.0005356 27.2947273 -0.1048327 -0.1048327
-0.8896321 27.3454304 -1.0206259 -1.0206259
-0.9174214 27.3423862 -1.0079794 -1.0079794
0.8784699 27.5712967 0.7191718 0.7191718
1.2973272 27.6356907 1.1649611 1.1649611
0.3400823 27.6517544 0.2053228 0.2053228
0.1198954 27.6962032 0.0039535 0.0039535
-0.4140115 27.7416744 -0.5611029 -0.5611029
-1.1882856 27.7359161 -1.2923249 -1.2923249
0.1488900 28.0615501 -0.0386262 -0.0386262
1.4043794 27.8005753 1.2892776 1.2892776
0.7415622 28.0584545 0.5548154 0.5548154
0.1861824 28.1884041 0.0015217 0.0015217
-0.0396535 28.3332291 -0.1872803 -0.1872803
-0.9466961 28.4974289 -1.1560305 -1.1560305
-0.5502814 28.4933357 -0.7318302 -0.7318302
1.1766486 28.4362850 1.0276252 1.0276252
1.1967444 28.6083469 0.9702318 0.9702318
0.2913654 28.4781075 0.0975278 0.0975278
0.1879865 28.8146057 -0.0166398 -0.0166398
-0.5311703 28.7218933 -0.8035661 -0.8035661
-0.9758295 28.7346535 -1.1990070 -1.1990070
0.6415677 28.8011456 0.3788155 0.3788155
1.5372587 28.9204483 1.2974430 1.2974430
0.5705744 28.9473248 0.3916982 0.3916982
0.2606036 29.2740765 -0.0106957 -0.0106957
-0.1810715 29.0301895 -0.3402714 -0.3402714
-1.0340420 29.1606083 -1.2812345 -1.2812345
-0.1022833 29.2138920 -0.3451931 -0.3451931
1.4575530 29.2660275 1.1972756 1.1972756
1.0496494 29.3192062 0.7907187 0.7907187
0.3080731 29.3143234 0.0333938 0.0333938
0.1984763 29.3512650 -0.1086464 -0.1086464
-0.7288843 29.3688164 -1.0345076 -1.0345076
-0.7464094 29.3499241 -1.0335021 -1.0335021
1.0518135 29.5623474 0.7578290 0.7578290
1.4897615 29.6793766 1.1655537 1.1655537
0.5011032 29.5650902 0.2005727 0.2005727
0.3061653 29.6002140 0.0265874 0.0265874
-0.2585260 29.6593075 -0.5604554 -0.5604554
-0.9759237 29.6779671 -1.2793632 -1.2793632
