# Columns: gyro temp target
# Length: 64
-0.0306058 24.9010879 0.0400246
1.3219770 25.0613898 1.2873052
0.5866648 25.3250916 0.5595309
-0.0032259 25.3137515 0.0320212
-0.1891313 25.4843186 -0.2212208
-1.1669394 25.5477961 -1.1377292
-0.7272426 25.5240406 -0.7401208
1.0450394 25.7392569 1.0189868
1.0397022 25.7505128 1.0146726
0.1481255 25.8467425 0.1178927
0.0343571 25.9851683 -0.0091901
-0.7675969 25.9189527 -0.7935163
-1.1748235 26.2864434 -1.2144354
0.4266196 26.1953489 0.3933815
1.3303795 26.4572292 1.2801273
0.4056104 26.4650555 0.3566844
0.0503981 26.6982883 0.0082146
-0.2971046 26.5721540 -0.3496475
-1.1817290 26.6994058 -1.2741028
-0.3193873 26.8561294 -0.3551520
1.2566522 26.6926701 1.2153128
0.8690432 27.0865363 0.7863273
0.1046875 27.2474617 0.0311343
-0.0005356 27.2947269 -0.1048327
-0.8896321 27.3454295 -1.0206260
-0.9174214 27.3423859 -1.0079794
0.8784700 27.5712964 0.7191718
1.2973272 27.6356899 1.1649612
0.3400823 27.6517549 0.2053228
0.1198954 27.6962030 0.0039535
-0.4140115 27.7416745 -0.5611029
-1.1882856 27.7359166 -1.2923249
0.1488900 28.0615492 -0.0386262
1.4043793 27.8005753 1.2892775
0.7415622 28.0584550 0.5548154
0.1861824 28.1884044 0.0015217
-0.0396535 28.3332284 -0.1872803
-0.9466961 28.4974283 -1.1560305
-0.5502814 28.4933361 -0.7318302
1.1766487 28.4362847 1.0276252
1.1967445 28.6083467 0.9702318
0.2913654 28.4781080 0.0975278
0.1879865 28.8146064 -0.0166398
-0.5311703 28.7218941 -0.8035661
-0.9758296 28.7346539 -1.1990070
0.6415677 28.8011463 0.3788155
1.5372588 28.9204485 1.2974431
0.5705744 28.9473248 0.3916982
0.2606036 29.2740760 -0.0106957
-0.1810715 29.0301891 -0.3402714
-1.0340420 29.1606088 -1.2812345
-0.1022833 29.2138912 -0.3451931
1.4575531 29.2660280 1.1972757
1.0496494 29.3192065 0.7907187
0.3080731 29.3143237 0.0333938
0.1984763 29.3512656 -0.1086464
-0.7288844 29.3688166 -1.0345076
-0.7464094 29.3499240 -1.0335021
1.0518134 29.5623466 0.7578289
1.4897614 29.6793774 1.1655537
0.5011032 29.5650892 0.2005726
0.3061653 29.6002132 0.0265874
-0.2585260 29.6593084 -0.5604554
-0.9759237 29.6779663 -1.2793632
